# Created by Octave 4.4.0, Tue Jun 12 18:27:09 2018 GMT <unknown@EPUALVIW0332>
# name: f
# type: matrix
# rows: 2
# columns: 2
 123 4
 123 3


